      0/19    0.885G   0.07014   0.02684   0.03338    0.1304        15       640    0.3299    0.4633    0.2798     0.115   0.03163   0.01101   0.02307
      1/19     2.32G   0.04403   0.02041   0.02947   0.09391        13       640    0.3264    0.4913    0.3583    0.1432   0.03109  0.007695   0.01982
      2/19     2.32G   0.03853   0.01856   0.02449   0.08157        11       640    0.4377    0.6669    0.4721    0.2296   0.02614  0.006526   0.01766
      3/19     2.32G   0.03932   0.01747   0.02532    0.0821         7       640    0.5059    0.5523    0.4858    0.2439   0.02636  0.006446   0.01787
      4/19     2.32G   0.03774   0.01731   0.02197   0.07701         9       640    0.4676     0.606    0.4894    0.2445   0.02743  0.006555   0.01699
      5/19     2.32G   0.03687   0.01881   0.02566   0.08135        13       640    0.4579    0.5533    0.4414    0.2149   0.02528  0.007045   0.01835
      6/19     2.32G   0.03673   0.01879   0.02344   0.07897        16       640    0.4602     0.472    0.4364    0.2036   0.02835  0.007052   0.01837
      7/19     2.32G    0.0351   0.01927   0.02304   0.07741        13       640    0.3935    0.4062    0.3385     0.152   0.03181  0.007894   0.01998
      8/19     2.32G   0.03677   0.01854   0.02395   0.07927        10       640    0.2948    0.6425    0.3548    0.1491   0.02742  0.007635   0.02028
      9/19     2.32G     0.033   0.01894   0.02235   0.07429        11       640     0.498    0.6036    0.5397    0.2545   0.02371  0.006734   0.01552
     10/19     2.32G   0.03288   0.01812   0.02179   0.07279        11       640    0.4919    0.6155    0.5002     0.259   0.02435  0.006783   0.01958
     11/19     2.32G   0.03514   0.01851   0.02209   0.07573         9       640    0.4893    0.6829    0.5838    0.3184   0.02258  0.006403   0.01495
     12/19     2.32G   0.03122   0.01737   0.02126   0.06986        12       640     0.594    0.6795    0.6399    0.3413    0.0231   0.00606   0.01386
     13/19     2.32G   0.03045   0.01746   0.01932   0.06724        13       640    0.4499    0.5236    0.4933    0.2776   0.02237    0.0064   0.01862
     14/19     2.32G   0.02898   0.01678   0.01881   0.06457        12       640    0.6076    0.6038    0.6315    0.3376   0.02259  0.006326   0.01386
     15/19     2.32G   0.03058   0.01718   0.01957   0.06733        10       640    0.6203    0.6909    0.6591     0.374   0.02084  0.006101   0.01738
     16/19     2.32G   0.02796    0.0167   0.01809   0.06275        10       640    0.6115    0.6888    0.6588    0.3715   0.02255  0.006104   0.01423
     17/19     2.32G   0.02839   0.01677   0.01795   0.06311        13       640    0.5877     0.749    0.6849    0.4088   0.02046  0.005836   0.01515
     18/19     2.32G   0.02743   0.01673   0.01698   0.06114        14       640    0.6382    0.6509    0.6722    0.3892   0.02051  0.005966   0.01372
     19/19     2.32G   0.02669   0.01647   0.01651   0.05967         6       640     0.626    0.7281    0.6923    0.4146      0.02  0.005771   0.01411
